x <-
structure(list(Age = c(26L, 21L, 21L, 19L, 29L, 27L, 36L, 23L, 
32L, 22L, 29L, 38L, 36L, 56L, 30L, 21L, 44L, 23L, 20L, 23L, 25L, 
54L, 31L, 29L, 27L, 22L, 30L, 20L, 32L, 36L, 28L, 35L, 23L, 24L, 
19L, 20L, 23L, 20L, 22L, 20L, 38L, 18L, 18L, 18L, 24L, 43L, 24L, 
21L, 21L, 22L, 21L, 44L, 23L, 22L, 30L, 34L, 25L, 19L, 75L, 26L, 
45L, 57L, 24L, 29L, 33L, 32L, 23L, 49L, 38L, 26L, 24L, 30L, 42L, 
17L, 18L, 23L, 25L, 41L, 24L, 20L, 43L, 21L, 31L, 49L, 32L, 26L, 
29L, 24L, 20L, 34L, 36L, 31L, 22L, 38L, 45L, 55L, 29L, 41L, NA, 
38L, 18L, 31L, 39L, 35L, 42L, 21L, 39L, 24L, 28L, 22L, 48L, 44L, 
30L, 32L, 29L, 21L, 39L, 20L, 42L, 32L, 25L, 32L, 21L, 24L, NA, 
49L, 27L, 28L, 19L, 40L, 30L, 23L, 22L, 20L, 54L, 31L, 27L, 22L, 
36L, 25L, 32L, 27L, 23L, 26L, 37L, 28L, 23L, 23L, 36L, 28L, 23L, 
21L, 24L, 22L, 24L, 34L, 27L, 19L, 19L, 37L, 17L, 46L, 31L, 50L, 
35L, 59L, 27L, 53L, 25L, 47L, 53L, 58L, 36L, 46L, 27L, 32L, 55L, 
26L, 37L, 15L, 28L, 30L, 32L, 69L, 22L, 52L, 25L, 39L, 39L, 21L, 
19L, 46L, 30L, 20L, 53L, 21L, 20L, 34L, 30L, 31L, 31L, 28L, 69L, 
23L, 49L, 30L, 30L, 25L, 25L, 29L, NA, 21L, 21L, 34L, 21L, 31L, 
20L, 22L, 19L, 32L, 24L, 34L, 36L, 24L, 33L, 44L, 53L, 44L, 25L, 
27L, 29L, 18L, 35L, 21L, 40L, 30L, 26L, 27L, 21L, 19L, 22L, 21L, 
25L, 40L, 31L, 20L, 36L, 20L, 53L, 32L, 24L, 23L, 28L, 23L, 19L, 
34L, 39L, 21L, 57L, 27L, 37L, 22L, 23L, 51L, 22L, 41L, 22L, 20L, 
39L, 34L, 23L, 25L, 45L, 53L, 21L, 20L, 35L, 43L, 44L, 40L, 22L, 
21L, 56L, 35L, 22L, 46L, 53L, 20L, 46L, 33L, 41L, 28L, 29L, 39L, 
24L, 19L, 38L, NA, 29L, 27L, 39L, 24L, 25L, 25L, 21L, 24L, 28L, 
37L, 34L, 23L, 31L, 32L, 25L, 26L, 36L, 52L, 26L, 29L, 34L, 28L, 
48L, 23L, 32L, 25L, 56L, 23L, 23L, 39L, 26L, 36L, 30L, 28L, 29L, 
30L, 40L, 19L, 24L, 19L, 70L, 23L, 46L, 47L, 20L, 21L, 30L, 20L, 
21L, 25L, 27L, 41L, 53L, 19L, 36L, 23L, 31L, 27L, 46L, 24L, 28L, 
29L, 24L, 23L, 22L, 23L, 31L, 26L, NA, 21L, 20L, 29L, 40L, 29L, 
20L, 13L, 33L, 53L, 18L, 22L, 23L, 22L, 40L, 38L, 20L, 30L, 29L, 
19L, 54L, 48L, 25L, 30L, 39L, 21L, 42L, 17L, 35L, NA, 39L, 44L, 
20L, 20L, 28L, 25L, 28L, 46L, 46L, 32L, 29L, 27L, 50L, 44L, 18L, 
29L, 52L, 21L, 27L, 41L, 34L, 38L, 47L, 50L, 42L, 43L, 49L, 37L, 
34L, 25L, 26L, 40L, 37L, NA, 25L, 45L, 53L, 41L, 41L, 50L, 36L, 
39L, 34L, 30L, 47L, 32L, 17L, 28L, 20L, 30L, 30L, 23L, 24L, 22L, 
44L, 20L, 24L, 29L, 23L, 29L, 40L, 28L, 20L, 23L, 25L, 41L, 20L, 
29L, 30L, 28L, 24L, 20L, 36L, 31L, 24L, 22L, 20L, 51L, 29L, 27L, 
17L, 32L, 36L, 23L, 44L, 27L, 34L, 24L, 26L, 34L, 19L, 21L, 20L, 
55L, 28L, 37L, 43L, NA, 46L, 37L, 25L, NA, 42L, 45L, 21L, 43L, 
36L, 30L, 43L, 22L, 20L, 41L, 23L, 30L, 42L, 50L, 19L, 56L, 56L, 
34L, 39L, 26L, 49L, 34L, 39L, 39L, 48L, 44L, 40L, 43L, 42L, 22L, 
37L, NA, 20L, 18L, 57L, 29L, 19L, 28L, 31L, 26L, 29L, 18L, 22L, 
46L, 45L, 40L, 23L, 40L, 26L, 30L, 27L, 45L, 34L, 17L, 34L, 55L, 
28L, 34L, 30L, 27L, 32L, 32L, 35L, 34L, 37L, 20L, 32L, 19L, 41L, 
17L, 24L, NA, 23L, 37L, 39L, 35L, 30L, 26L, 20L, 23L, 39L, 20L, 
22L, 19L, 23L, 19L, 19L, 43L, 63L, 40L, 33L, 19L, 42L, 22L, 38L, 
29L, 34L, 25L, 35L, 19L, 25L, 39L, 22L, 46L, 29L, 33L, 17L, 42L, 
24L, 24L, 40L, 44L, 35L, 34L, 22L, 24L, 19L, 24L, 18L, 19L, 18L, 
29L, 33L, 20L, 20L, 44L, 24L, 45L, 49L, 20L, 41L, 47L, 27L, 36L, 
22L, 33L, 25L, 19L, 27L, 20L, 18L, 21L, 23L, 31L, 39L, 28L, 31L, 
27L, 21L, 19L, 41L, 16L, 24L, 41L, 20L, 17L, 30L, 31L, 20L, 27L, 
44L, 18L, 35L, 39L, 47L, 34L, 53L, 29L, 54L, 60L, 46L, 49L, 29L, 
31L, 22L, 29L, 33L, 46L, 20L, 39L, 37L, 45L, 25L, 45L, 53L, 42L, 
51L, 23L, 33L, 28L, 26L, 27L, 30L, 24L, 21L, 23L, 18L, 22L, 41L, 
21L, 32L, 22L, 42L, 37L, 18L, 23L, 24L, 21L, 37L, 19L, 22L, 17L, 
28L, 30L, 26L, 28L, 37L, 19L, 27L, 34L, 26L, 34L, 28L, 23L, 55L, 
23L, 38L, 24L, 19L, 22L, 24L, 20L, 18L, 26L, 19L, 25L, 25L, 23L, 
16L, 32L, 20L, 44L, 25L, 40L, 33L, 26L, 91L, 19L, 21L, 53L, 51L, 
21L, 23L, 39L, 30L, 30L, 45L, 32L, 33L, 38L, 51L, 21L, 25L, 20L, 
34L, 21L, 41L, 26L, NA, 24L, 25L, 58L, 51L, 26L, 21L, 39L, 27L, 
29L, 24L, 71L, 36L, 30L, 48L, 34L, 26L, 35L, 18L, 23L, 22L, 24L, 
21L, 43L, 33L, 31L, 18L, 20L, 26L, 28L, 25L, 22L, 23L, 26L, 23L, 
31L, 24L, 24L, 25L, 32L, 28L, 21L, 28L, 33L, 23L, 19L, 47L, 27L, 
19L, 36L, 54L, 44L, 40L, 47L, 32L, 31L, 29L, 27L, 31L, 29L, 44L, 
23L, 50L, 55L, 63L, 48L, 63L, 27L, 56L, 28L, 19L, 18L, 24L, 27L, 
20L, 34L, 30L, 24L, 37L, 63L, 29L, 28L, 26L, 27L, 39L, 25L, 22L, 
32L, 24L, 30L, 36L, 40L, NA, 54L, 41L, 34L, 50L, 31L, 34L, 28L, 
22L, 23L, 21L, NA, 30L, 29L, 30L, 22L, 29L, 21L, 25L, 22L, 22L, 
24L, 28L, 29L, 28L, 32L, 44L, 49L, 28L, 57L, 31L, 19L, 44L, 20L, 
48L, 23L, 32L, 21L, 21L, 23L, 27L, 21L, 22L, 18L, 22L, 19L, 50L, 
31L, 44L, 61L, 22L, 21L, 28L, 26L, 20L, 38L, 24L, 20L, 31L, 39L, 
24L, 19L, 25L, 18L, 47L, 47L, 42L, 59L, 37L, 29L, 36L, 27L, 46L, 
21L, 62L, 55L, 54L, 23L, 20L, 19L, 46L, 28L, 37L, 19L, 25L, 24L, 
19L, 47L, 59L, 45L, 31L, 24L, 30L, 20L, 43L, 47L, 28L, 58L, 59L, 
30L, 24L, 64L, 48L, 20L, 41L, 53L, 17L, 37L, 43L, 46L, 34L, 30L, 
32L, 63L, 30L, 58L, 23L, 28L, 35L, 22L, 48L, 47L, 53L, 30L, 64L, 
24L, 66L, 54L, 43L, 20L, 55L, 52L, 37L, 34L, 57L, 29L, 63L, 25L, 
54L, 68L, 16L, 32L, 30L, 33L, 19L, 26L, 50L, 39L, 57L, 67L, 22L, 
24L, 18L, 29L, 43L, 72L, 47L, 44L, 25L, 60L, 25L, 21L, 21L, 24L, 
27L, 53L, 30L, 24L, 32L, 35L, 30L, 32L, 52L, 32L, 25L, 23L, 20L, 
30L, 26L, 30L, 21L, 23L, 28L, 55L, 48L, 41L, 71L, 31L, 53L, 33L, 
51L, 33L, 38L, 57L, NA, 62L, 18L, 52L, 22L, 37L, 48L, 28L, 37L, 
18L, 19L, 70L, 23L, 43L, 29L, 46L, 22L, 45L, 23L, 56L, 44L, 19L, 
21L, 21L, 29L, 23L, 20L, 42L, 23L, 19L, 29L, 23L, 24L, 22L, 35L, 
23L, 34L, NA, 75L, 23L, 23L, 59L, 32L, 20L, 32L, 33L, 50L, 24L, 
25L, 34L, 43L, 28L, 30L, 45L, 57L, 35L, 29L, 47L, 18L, 56L, 61L, 
36L, 40L, 49L, 53L, 32L, 36L, 34L, 57L, 31L, 38L, 45L, 55L, 39L, 
55L, 23L, 52L, 45L, 57L, NA, 38L, 45L, 22L, 59L, 26L, 68L, 27L, 
55L, 43L, 50L, 71L, 40L, 28L, 33L, 33L, 38L, 61L, 26L, 22L, 50L, 
52L, 43L, 21L, 40L, 29L, 34L, 56L, 28L, 20L, 23L, 43L, 48L, 28L, 
41L, 22L, 28L, 28L, 18L, 28L, 19L, 17L, 22L, 25L, 30L, NA, 51L, 
50L, 41L, 19L, 25L, 44L, 61L, 71L, 50L, 27L, 64L, 45L, 68L, 68L, 
33L, 58L, 45L, 27L, 68L, 18L, 56L, 49L, 28L, 25L, 25L, 23L, 19L, 
22L, 45L, 19L, 26L, 19L, 33L, 18L, 23L, 58L, 51L, 59L, 34L, 30L, 
35L, 45L, 50L, 43L, 27L, 22L, NA, 33L, 44L, 49L, 46L, 22L, 26L, 
30L, 39L, 20L, 26L, 33L, 19L, 17L, 23L, 38L, 40L, 25L, 45L, 33L, 
18L, 26L, 26L, 53L, 24L, 28L, 28L, 26L, 69L, 19L, 52L, 20L, 34L, 
25L, 22L, 19L, 25L, 18L, 60L, 26L, 45L, 41L, 58L, 27L, 24L, 24L, 
30L, 45L, 32L, 65L, 34L, 24L, 24L, 26L, 62L, 41L, 23L, 42L, 27L, 
35L, 48L, 46L, 18L, 44L, 36L, 51L, 49L, 47L, 18L, 28L, 35L, 21L, 
21L, 20L, 19L, 19L, 43L, 48L, 23L, 60L, 29L, 23L, 19L, 23L, 28L, 
26L, 24L, 50L, 20L, 21L, 30L, 43L, 27L, 22L, 33L, 50L, 26L, 44L, 
29L, 15L, 47L, 20L, 22L, 32L, 55L, 19L, 50L, 31L, 40L, 24L, 26L, 
58L, 16L, 19L, 27L, 59L, 20L, 31L, 17L, 24L, 69L, 24L, 47L, 27L, 
19L, 43L, 66L, 21L, 27L, NA, 46L, 32L, 22L, 39L, 62L, 53L, 64L, 
21L, 30L, 23L, 50L, 41L, 35L, 47L, 46L, 73L, 38L, 20L, 24L, 42L, 
34L, 28L, 20L, 46L, 45L, 22L, 20L, 73L, 33L, 54L, 45L, 24L, 20L, 
17L, 30L, 34L, 23L, 51L, 49L, 46L, 26L, 25L, 47L, 30L, 57L, 25L, 
39L, 34L, 28L, 55L, 26L, 40L, 48L, 22L, 15L, 39L, 45L, 18L, 19L, 
42L, 62L, 20L, 47L, 57L, 19L, 25L, 36L, 27L, 56L, 48L, 36L, 28L, 
29L, 25L, 21L, 21L, 34L, 27L, 22L, 36L, 19L, 18L, 51L, 19L, 24L, 
56L, 41L, 22L, 35L, 26L, 19L, 48L, 39L, 28L, 62L, 76L, 25L, 41L, 
29L, 31L, 49L, 55L, 41L, 26L, 24L, 32L, 19L, 25L, 62L, 38L, 63L, 
43L, 21L, 59L, 28L, 27L, NA, 22L, 47L, 31L, 30L, 22L, 24L, 26L, 
50L, 39L, 56L, 32L, 23L, 72L, 68L, 37L, 52L, 63L, 41L, 40L, 64L, 
18L, 24L, 29L, 27L, 40L, 26L, 36L, 38L, 60L, 49L, 32L, 25L, 28L, 
19L, 24L, 70L, 41L, 22L, 41L, 21L, 31L, 24L, 45L, 26L, 19L, 37L, 
60L, 75L, 37L, 28L, 46L, 43L, 49L, 25L, 28L, 79L, 41L, 31L, 49L, 
20L, 49L, 27L, 38L, 30L, 76L, 41L, 35L, 59L, 52L, 25L, 69L, 30L, 
37L, 40L, 19L, 27L, 44L, 65L, 52L, 49L, 21L, 34L, 21L, 20L, 18L, 
53L, 29L, 43L, 20L, 47L, 30L, 50L, 30L, 49L, 21L, 66L, 51L, 32L, 
